0.0
0.06283185307179587
0.12566370614359174
0.18849555921538758
0.25132741228718347
0.3141592653589793
0.37699111843077515
0.43982297150257105
0.5026548245743669
0.5654866776461628
0.6283185307179586
0.6911503837897545
0.7539822368615503
0.8168140899333463
0.8796459430051421
0.9424777960769379
1.0053096491487339
1.0681415022205296
1.1309733552923256
1.1938052083641213
1.2566370614359172
1.3194689145077132
1.382300767579509
1.4451326206513049
1.5079644737231006
1.5707963267948966
1.6336281798666925
1.6964600329384882
1.7592918860102842
1.82212373908208
1.8849555921538759
1.9477874452256718
2.0106192982974678
2.0734511513692633
2.1362830044410592
2.199114857512855
2.261946710584651
2.324778563656447
2.3876104167282426
2.4504422698000385
2.5132741228718345
2.5761059759436304
2.6389378290154264
2.701769682087222
2.764601535159018
2.827433388230814
2.8902652413026098
2.9530970943744057
3.015928947446201
3.078760800517997
3.141592653589793
3.204424506661589
3.267256359733385
3.3300882128051805
3.3929200658769765
3.4557519189487724
3.5185837720205684
3.5814156250923643
3.64424747816416
3.707079331235956
3.7699111843077517
3.8327430373795477
3.8955748904513436
3.958406743523139
4.0212385965949355
4.084070449666731
4.146902302738527
4.209734155810323
4.2725660088821185
4.335397861953915
4.39822971502571
4.461061568097506
4.523893421169302
4.586725274241098
4.649557127312894
4.71238898038469
4.775220833456485
4.838052686528282
4.900884539600077
4.9637163926718735
5.026548245743669
5.0893800988154645
5.152211951887261
5.215043804959056
5.277875658030853
5.340707511102648
5.403539364174444
5.46637121724624
5.529203070318036
5.592034923389832
5.654866776461628
5.717698629533423
5.7805304826052195
5.843362335677015
5.906194188748811
5.969026041820607
6.031857894892402
6.094689747964199
6.157521601035994
6.220353454107791
6.283185307179586
