-1000.0
-997.997997997998
-995.9959959959959
-993.993993993994
-991.991991991992
-989.98998998999
-987.9879879879879
-985.985985985986
-983.983983983984
-981.981981981982
-979.9799799799799
-977.977977977978
-975.975975975976
-973.973973973974
-971.9719719719719
-969.96996996997
-967.967967967968
-965.965965965966
-963.9639639639639
-961.961961961962
-959.95995995996
-957.957957957958
-955.9559559559559
-953.9539539539539
-951.951951951952
-949.94994994995
-947.9479479479479
-945.9459459459459
-943.943943943944
-941.941941941942
-939.9399399399399
-937.9379379379379
-935.935935935936
-933.933933933934
-931.9319319319319
-929.9299299299299
-927.927927927928
-925.925925925926
-923.9239239239239
-921.9219219219219
-919.91991991992
-917.9179179179179
-915.9159159159159
-913.9139139139139
-911.911911911912
-909.9099099099099
-907.9079079079079
-905.9059059059059
-903.9039039039039
-901.9019019019019
-899.8998998998999
-897.8978978978979
-895.8958958958959
-893.8938938938938
-891.8918918918919
-889.8898898898899
-887.8878878878879
-885.8858858858858
-883.8838838838839
-881.8818818818819
-879.8798798798799
-877.8778778778778
-875.8758758758759
-873.8738738738739
-871.8718718718719
-869.8698698698698
-867.8678678678679
-865.8658658658659
-863.8638638638639
-861.8618618618618
-859.8598598598599
-857.8578578578579
-855.8558558558559
-853.8538538538538
-851.8518518518518
-849.8498498498499
-847.8478478478479
-845.8458458458458
-843.8438438438438
-841.8418418418419
-839.8398398398398
-837.8378378378378
-835.8358358358358
-833.8338338338339
-831.8318318318318
-829.8298298298298
-827.8278278278278
-825.8258258258259
-823.8238238238238
-821.8218218218218
-819.8198198198198
-817.8178178178179
-815.8158158158158
-813.8138138138138
-811.8118118118118
-809.8098098098098
-807.8078078078078
-805.8058058058058
-803.8038038038038
-801.8018018018018
-799.7997997997998
-797.7977977977978
-795.7957957957958
-793.7937937937938
-791.7917917917918
-789.7897897897898
-787.7877877877878
-785.7857857857858
-783.7837837837837
-781.7817817817818
-779.7797797797798
-777.7777777777778
-775.7757757757757
-773.7737737737738
-771.7717717717718
-769.7697697697698
-767.7677677677677
-765.7657657657658
-763.7637637637638
-761.7617617617618
-759.7597597597597
-757.7577577577578
-755.7557557557558
-753.7537537537537
-751.7517517517517
-749.7497497497498
-747.7477477477478
-745.7457457457457
-743.7437437437437
-741.7417417417417
-739.7397397397398
-737.7377377377377
-735.7357357357357
-733.7337337337337
-731.7317317317318
-729.7297297297297
-727.7277277277277
-725.7257257257257
-723.7237237237238
-721.7217217217217
-719.7197197197197
-717.7177177177177
-715.7157157157158
-713.7137137137137
-711.7117117117117
-709.7097097097097
-707.7077077077078
-705.7057057057057
-703.7037037037037
-701.7017017017017
-699.6996996996997
-697.6976976976977
-695.6956956956957
-693.6936936936937
-691.6916916916917
-689.6896896896897
-687.6876876876877
-685.6856856856857
-683.6836836836837
-681.6816816816817
-679.6796796796797
-677.6776776776777
-675.6756756756756
-673.6736736736736
-671.6716716716717
-669.6696696696697
-667.6676676676676
-665.6656656656656
-663.6636636636637
-661.6616616616617
-659.6596596596596
-657.6576576576576
-655.6556556556557
-653.6536536536537
-651.6516516516516
-649.6496496496496
-647.6476476476477
-645.6456456456457
-643.6436436436436
-641.6416416416416
-639.6396396396397
-637.6376376376377
-635.6356356356356
-633.6336336336336
-631.6316316316316
-629.6296296296297
-627.6276276276276
-625.6256256256256
-623.6236236236236
-621.6216216216217
-619.6196196196196
-617.6176176176176
-615.6156156156156
-613.6136136136137
-611.6116116116116
-609.6096096096096
-607.6076076076076
-605.6056056056057
-603.6036036036036
-601.6016016016016
-599.5995995995996
-597.5975975975975
-595.5955955955956
-593.5935935935936
-591.5915915915916
-589.5895895895895
-587.5875875875876
-585.5855855855856
-583.5835835835836
-581.5815815815815
-579.5795795795796
-577.5775775775776
-575.5755755755756
-573.5735735735735
-571.5715715715716
-569.5695695695696
-567.5675675675676
-565.5655655655655
-563.5635635635635
-561.5615615615616
-559.5595595595596
-557.5575575575575
-555.5555555555555
-553.5535535535536
-551.5515515515516
-549.5495495495495
-547.5475475475475
-545.5455455455456
-543.5435435435436
-541.5415415415415
-539.5395395395395
-537.5375375375376
-535.5355355355356
-533.5335335335335
-531.5315315315315
-529.5295295295296
-527.5275275275276
-525.5255255255255
-523.5235235235235
-521.5215215215215
-519.5195195195195
-517.5175175175175
-515.5155155155155
-513.5135135135135
-511.5115115115115
-509.5095095095095
-507.5075075075075
-505.5055055055055
-503.5035035035035
-501.5015015015015
-499.4994994994995
-497.4974974974975
-495.4954954954955
-493.4934934934935
-491.4914914914915
-489.4894894894895
-487.4874874874875
-485.48548548548547
-483.4834834834835
-481.48148148148147
-479.4794794794795
-477.47747747747746
-475.4754754754755
-473.47347347347346
-471.4714714714715
-469.46946946946946
-467.4674674674675
-465.46546546546546
-463.4634634634635
-461.46146146146145
-459.4594594594595
-457.45745745745745
-455.4554554554555
-453.45345345345345
-451.4514514514515
-449.44944944944945
-447.4474474474475
-445.44544544544544
-443.44344344344347
-441.44144144144144
-439.4394394394394
-437.43743743743744
-435.4354354354354
-433.43343343343344
-431.4314314314314
-429.42942942942943
-427.4274274274274
-425.42542542542543
-423.4234234234234
-421.4214214214214
-419.4194194194194
-417.4174174174174
-415.4154154154154
-413.4134134134134
-411.4114114114114
-409.4094094094094
-407.4074074074074
-405.4054054054054
-403.4034034034034
-401.4014014014014
-399.3993993993994
-397.3973973973974
-395.3953953953954
-393.3933933933934
-391.3913913913914
-389.3893893893894
-387.3873873873874
-385.3853853853854
-383.3833833833834
-381.3813813813814
-379.3793793793794
-377.3773773773774
-375.37537537537537
-373.3733733733734
-371.37137137137137
-369.3693693693694
-367.36736736736736
-365.3653653653654
-363.36336336336336
-361.3613613613614
-359.35935935935936
-357.35735735735733
-355.35535535535536
-353.3533533533533
-351.35135135135135
-349.3493493493493
-347.34734734734735
-345.3453453453453
-343.34334334334335
-341.3413413413413
-339.33933933933935
-337.3373373373373
-335.33533533533534
-333.3333333333333
-331.33133133133134
-329.3293293293293
-327.32732732732734
-325.3253253253253
-323.32332332332334
-321.3213213213213
-319.31931931931933
-317.3173173173173
-315.31531531531533
-313.3133133133133
-311.31131131131133
-309.3093093093093
-307.3073073073073
-305.3053053053053
-303.3033033033033
-301.3013013013013
-299.2992992992993
-297.2972972972973
-295.2952952952953
-293.2932932932933
-291.2912912912913
-289.2892892892893
-287.2872872872873
-285.2852852852853
-283.2832832832833
-281.2812812812813
-279.27927927927925
-277.2772772772773
-275.27527527527525
-273.2732732732733
-271.27127127127125
-269.2692692692693
-267.26726726726724
-265.26526526526527
-263.26326326326324
-261.26126126126127
-259.25925925925924
-257.25725725725727
-255.25525525525526
-253.25325325325326
-251.25125125125126
-249.24924924924926
-247.24724724724726
-245.24524524524526
-243.24324324324326
-241.24124124124126
-239.23923923923923
-237.23723723723722
-235.23523523523522
-233.23323323323322
-231.23123123123122
-229.22922922922922
-227.22722722722722
-225.22522522522522
-223.22322322322321
-221.2212212212212
-219.2192192192192
-217.2172172172172
-215.2152152152152
-213.2132132132132
-211.2112112112112
-209.2092092092092
-207.2072072072072
-205.2052052052052
-203.2032032032032
-201.2012012012012
-199.1991991991992
-197.1971971971972
-195.1951951951952
-193.1931931931932
-191.1911911911912
-189.1891891891892
-187.1871871871872
-185.1851851851852
-183.1831831831832
-181.1811811811812
-179.1791791791792
-177.17717717717719
-175.17517517517518
-173.17317317317318
-171.17117117117118
-169.16916916916918
-167.16716716716718
-165.16516516516518
-163.16316316316318
-161.16116116116117
-159.15915915915915
-157.15715715715714
-155.15515515515514
-153.15315315315314
-151.15115115115114
-149.14914914914914
-147.14714714714714
-145.14514514514514
-143.14314314314313
-141.14114114114113
-139.13913913913913
-137.13713713713713
-135.13513513513513
-133.13313313313313
-131.13113113113113
-129.12912912912913
-127.12712712712712
-125.12512512512512
-123.12312312312312
-121.12112112112112
-119.11911911911912
-117.11711711711712
-115.11511511511512
-113.11311311311312
-111.11111111111111
-109.10910910910911
-107.10710710710711
-105.10510510510511
-103.10310310310311
-101.10110110110111
-99.09909909909909
-97.09709709709709
-95.09509509509509
-93.09309309309309
-91.09109109109109
-89.08908908908909
-87.08708708708708
-85.08508508508508
-83.08308308308308
-81.08108108108108
-79.07907907907908
-77.07707707707708
-75.07507507507508
-73.07307307307308
-71.07107107107107
-69.06906906906907
-67.06706706706707
-65.06506506506507
-63.06306306306306
-61.06106106106106
-59.05905905905906
-57.05705705705706
-55.05505505505506
-53.053053053053056
-51.051051051051054
-49.049049049049046
-47.047047047047045
-45.04504504504504
-43.04304304304304
-41.04104104104104
-39.03903903903904
-37.03703703703704
-35.03503503503504
-33.033033033033036
-31.03103103103103
-29.02902902902903
-27.027027027027028
-25.025025025025027
-23.023023023023022
-21.02102102102102
-19.01901901901902
-17.017017017017018
-15.015015015015015
-13.013013013013014
-11.01101101101101
-9.00900900900901
-7.007007007007007
-5.005005005005005
-3.003003003003003
-1.001001001001001
1.001001001001001
3.003003003003003
5.005005005005005
7.007007007007007
9.00900900900901
11.01101101101101
13.013013013013014
15.015015015015015
17.017017017017018
19.01901901901902
21.02102102102102
23.023023023023022
25.025025025025027
27.027027027027028
29.02902902902903
31.03103103103103
33.033033033033036
35.03503503503504
37.03703703703704
39.03903903903904
41.04104104104104
43.04304304304304
45.04504504504504
47.047047047047045
49.049049049049046
51.051051051051054
53.053053053053056
55.05505505505506
57.05705705705706
59.05905905905906
61.06106106106106
63.06306306306306
65.06506506506507
67.06706706706707
69.06906906906907
71.07107107107107
73.07307307307308
75.07507507507508
77.07707707707708
79.07907907907908
81.08108108108108
83.08308308308308
85.08508508508508
87.08708708708708
89.08908908908909
91.09109109109109
93.09309309309309
95.09509509509509
97.09709709709709
99.09909909909909
101.10110110110111
103.10310310310311
105.10510510510511
107.10710710710711
109.10910910910911
111.11111111111111
113.11311311311312
115.11511511511512
117.11711711711712
119.11911911911912
121.12112112112112
123.12312312312312
125.12512512512512
127.12712712712712
129.12912912912913
131.13113113113113
133.13313313313313
135.13513513513513
137.13713713713713
139.13913913913913
141.14114114114113
143.14314314314313
145.14514514514514
147.14714714714714
149.14914914914914
151.15115115115114
153.15315315315314
155.15515515515514
157.15715715715714
159.15915915915915
161.16116116116117
163.16316316316318
165.16516516516518
167.16716716716718
169.16916916916918
171.17117117117118
173.17317317317318
175.17517517517518
177.17717717717719
179.1791791791792
181.1811811811812
183.1831831831832
185.1851851851852
187.1871871871872
189.1891891891892
191.1911911911912
193.1931931931932
195.1951951951952
197.1971971971972
199.1991991991992
201.2012012012012
203.2032032032032
205.2052052052052
207.2072072072072
209.2092092092092
211.2112112112112
213.2132132132132
215.2152152152152
217.2172172172172
219.2192192192192
221.2212212212212
223.22322322322321
225.22522522522522
227.22722722722722
229.22922922922922
231.23123123123122
233.23323323323322
235.23523523523522
237.23723723723722
239.23923923923923
241.24124124124126
243.24324324324326
245.24524524524526
247.24724724724726
249.24924924924926
251.25125125125126
253.25325325325326
255.25525525525526
257.25725725725727
259.25925925925924
261.26126126126127
263.26326326326324
265.26526526526527
267.26726726726724
269.2692692692693
271.27127127127125
273.2732732732733
275.27527527527525
277.2772772772773
279.27927927927925
281.2812812812813
283.2832832832833
285.2852852852853
287.2872872872873
289.2892892892893
291.2912912912913
293.2932932932933
295.2952952952953
297.2972972972973
299.2992992992993
301.3013013013013
303.3033033033033
305.3053053053053
307.3073073073073
309.3093093093093
311.31131131131133
313.3133133133133
315.31531531531533
317.3173173173173
319.31931931931933
321.3213213213213
323.32332332332334
325.3253253253253
327.32732732732734
329.3293293293293
331.33133133133134
333.3333333333333
335.33533533533534
337.3373373373373
339.33933933933935
341.3413413413413
343.34334334334335
345.3453453453453
347.34734734734735
349.3493493493493
351.35135135135135
353.3533533533533
355.35535535535536
357.35735735735733
359.35935935935936
361.3613613613614
363.36336336336336
365.3653653653654
367.36736736736736
369.3693693693694
371.37137137137137
373.3733733733734
375.37537537537537
377.3773773773774
379.3793793793794
381.3813813813814
383.3833833833834
385.3853853853854
387.3873873873874
389.3893893893894
391.3913913913914
393.3933933933934
395.3953953953954
397.3973973973974
399.3993993993994
401.4014014014014
403.4034034034034
405.4054054054054
407.4074074074074
409.4094094094094
411.4114114114114
413.4134134134134
415.4154154154154
417.4174174174174
419.4194194194194
421.4214214214214
423.4234234234234
425.42542542542543
427.4274274274274
429.42942942942943
431.4314314314314
433.43343343343344
435.4354354354354
437.43743743743744
439.4394394394394
441.44144144144144
443.44344344344347
445.44544544544544
447.4474474474475
449.44944944944945
451.4514514514515
453.45345345345345
455.4554554554555
457.45745745745745
459.4594594594595
461.46146146146145
463.4634634634635
465.46546546546546
467.4674674674675
469.46946946946946
471.4714714714715
473.47347347347346
475.4754754754755
477.47747747747746
479.4794794794795
481.48148148148147
483.4834834834835
485.48548548548547
487.4874874874875
489.4894894894895
491.4914914914915
493.4934934934935
495.4954954954955
497.4974974974975
499.4994994994995
501.5015015015015
503.5035035035035
505.5055055055055
507.5075075075075
509.5095095095095
511.5115115115115
513.5135135135135
515.5155155155155
517.5175175175175
519.5195195195195
521.5215215215215
523.5235235235235
525.5255255255255
527.5275275275276
529.5295295295296
531.5315315315315
533.5335335335335
535.5355355355356
537.5375375375376
539.5395395395395
541.5415415415415
543.5435435435436
545.5455455455456
547.5475475475475
549.5495495495495
551.5515515515516
553.5535535535536
555.5555555555555
557.5575575575575
559.5595595595596
561.5615615615616
563.5635635635635
565.5655655655655
567.5675675675676
569.5695695695696
571.5715715715716
573.5735735735735
575.5755755755756
577.5775775775776
579.5795795795796
581.5815815815815
583.5835835835836
585.5855855855856
587.5875875875876
589.5895895895895
591.5915915915916
593.5935935935936
595.5955955955956
597.5975975975975
599.5995995995996
601.6016016016016
603.6036036036036
605.6056056056057
607.6076076076076
609.6096096096096
611.6116116116116
613.6136136136137
615.6156156156156
617.6176176176176
619.6196196196196
621.6216216216217
623.6236236236236
625.6256256256256
627.6276276276276
629.6296296296297
631.6316316316316
633.6336336336336
635.6356356356356
637.6376376376377
639.6396396396397
641.6416416416416
643.6436436436436
645.6456456456457
647.6476476476477
649.6496496496496
651.6516516516516
653.6536536536537
655.6556556556557
657.6576576576576
659.6596596596596
661.6616616616617
663.6636636636637
665.6656656656656
667.6676676676676
669.6696696696697
671.6716716716717
673.6736736736736
675.6756756756756
677.6776776776777
679.6796796796797
681.6816816816817
683.6836836836837
685.6856856856857
687.6876876876877
689.6896896896897
691.6916916916917
693.6936936936937
695.6956956956957
697.6976976976977
699.6996996996997
701.7017017017017
703.7037037037037
705.7057057057057
707.7077077077078
709.7097097097097
711.7117117117117
713.7137137137137
715.7157157157158
717.7177177177177
719.7197197197197
721.7217217217217
723.7237237237238
725.7257257257257
727.7277277277277
729.7297297297297
731.7317317317318
733.7337337337337
735.7357357357357
737.7377377377377
739.7397397397398
741.7417417417417
743.7437437437437
745.7457457457457
747.7477477477478
749.7497497497498
751.7517517517517
753.7537537537537
755.7557557557558
757.7577577577578
759.7597597597597
761.7617617617618
763.7637637637638
765.7657657657658
767.7677677677677
769.7697697697698
771.7717717717718
773.7737737737738
775.7757757757757
777.7777777777778
779.7797797797798
781.7817817817818
783.7837837837837
785.7857857857858
787.7877877877878
789.7897897897898
791.7917917917918
793.7937937937938
795.7957957957958
797.7977977977978
799.7997997997998
801.8018018018018
803.8038038038038
805.8058058058058
807.8078078078078
809.8098098098098
811.8118118118118
813.8138138138138
815.8158158158158
817.8178178178179
819.8198198198198
821.8218218218218
823.8238238238238
825.8258258258259
827.8278278278278
829.8298298298298
831.8318318318318
833.8338338338339
835.8358358358358
837.8378378378378
839.8398398398398
841.8418418418419
843.8438438438438
845.8458458458458
847.8478478478479
849.8498498498499
851.8518518518518
853.8538538538538
855.8558558558559
857.8578578578579
859.8598598598599
861.8618618618618
863.8638638638639
865.8658658658659
867.8678678678679
869.8698698698698
871.8718718718719
873.8738738738739
875.8758758758759
877.8778778778778
879.8798798798799
881.8818818818819
883.8838838838839
885.8858858858858
887.8878878878879
889.8898898898899
891.8918918918919
893.8938938938938
895.8958958958959
897.8978978978979
899.8998998998999
901.9019019019019
903.9039039039039
905.9059059059059
907.9079079079079
909.9099099099099
911.911911911912
913.9139139139139
915.9159159159159
917.9179179179179
919.91991991992
921.9219219219219
923.9239239239239
925.925925925926
927.927927927928
929.9299299299299
931.9319319319319
933.933933933934
935.935935935936
937.9379379379379
939.9399399399399
941.941941941942
943.943943943944
945.9459459459459
947.9479479479479
949.94994994995
951.951951951952
953.9539539539539
955.9559559559559
957.957957957958
959.95995995996
961.961961961962
963.9639639639639
965.965965965966
967.967967967968
969.96996996997
971.9719719719719
973.973973973974
975.975975975976
977.977977977978
979.9799799799799
981.981981981982
983.983983983984
985.985985985986
987.9879879879879
989.98998998999
991.991991991992
993.993993993994
995.9959959959959
997.997997997998
1000.0
