-5.0
-4.898989898989899
-4.797979797979798
-4.696969696969697
-4.595959595959596
-4.494949494949495
-4.393939393939394
-4.292929292929293
-4.191919191919192
-4.090909090909091
-3.98989898989899
-3.888888888888889
-3.787878787878788
-3.686868686868687
-3.585858585858586
-3.484848484848485
-3.3838383838383836
-3.282828282828283
-3.1818181818181817
-3.080808080808081
-2.9797979797979797
-2.878787878787879
-2.7777777777777777
-2.676767676767677
-2.5757575757575757
-2.474747474747475
-2.3737373737373737
-2.272727272727273
-2.1717171717171717
-2.0707070707070705
-1.9696969696969697
-1.8686868686868687
-1.7676767676767677
-1.6666666666666667
-1.5656565656565657
-1.4646464646464648
-1.3636363636363635
-1.2626262626262625
-1.1616161616161615
-1.0606060606060606
-0.9595959595959596
-0.8585858585858586
-0.7575757575757576
-0.6565656565656566
-0.5555555555555556
-0.45454545454545453
-0.35353535353535354
-0.25252525252525254
-0.15151515151515152
-0.050505050505050504
0.050505050505050504
0.15151515151515152
0.25252525252525254
0.35353535353535354
0.45454545454545453
0.5555555555555556
0.6565656565656566
0.7575757575757576
0.8585858585858586
0.9595959595959596
1.0606060606060606
1.1616161616161615
1.2626262626262625
1.3636363636363635
1.4646464646464648
1.5656565656565657
1.6666666666666667
1.7676767676767677
1.8686868686868687
1.9696969696969697
2.0707070707070705
2.1717171717171717
2.272727272727273
2.3737373737373737
2.474747474747475
2.5757575757575757
2.676767676767677
2.7777777777777777
2.878787878787879
2.9797979797979797
3.080808080808081
3.1818181818181817
3.282828282828283
3.3838383838383836
3.484848484848485
3.585858585858586
3.686868686868687
3.787878787878788
3.888888888888889
3.98989898989899
4.090909090909091
4.191919191919192
4.292929292929293
4.393939393939394
4.494949494949495
4.595959595959596
4.696969696969697
4.797979797979798
4.898989898989899
5.0
